0	9
1	19
2	20
3	23
4	24
5	25
6	26
7	27
8	28
10	30
11	31
12	33
13	36
14	37
15	40
16	42
17	43
18	44
21	45
22	46
29	47
32	48
34	65
35	70
38	72
39	73
41	75
49	76
50	81
51	83
52	87
53	88
54	91
55	92
56	93
57	94
58	95
59	98
60	99
61	101
62	104
63	107
64	116
66	119
67	121
68	124
69	126
71	127
74	132
77	138
78	139
79	140
80	143
82	144
84	149
85	150
86	158
89	162
90	163
96	165
97	167
100	168
102	169
103	172
105	173
106	178
108	183
109	185
110	186
111	193
112	195
113	196
114	200
115	202
117	203
118	205
120	206
122	213
123	217
125	225
128	228
129	229
130	230
131	231
133	234
134	237
135	239
136	240
137	242
141	245
142	246
145	247
146	248
147	251
148	258
151	261
152	266
153	271
154	272
155	275
156	276
157	277
159	280
160	283
161	284
164	286
166	290
170	291
171	294
174	297
175	301
176	304
177	307
179	309
180	313
181	316
182	326
184	329
187	330
188	333
189	334
190	336
191	339
192	340
194	344
197	346
198	353
199	356
201	359
204	360
207	362
208	363
209	365
210	371
211	388
212	390
214	395
215	397
216	399
218	404
219	405
220	408
221	412
222	414
223	416
224	419
226	420
227	423
232	424
233	426
235	430
236	432
238	433
241	434
243	436
244	437
249	438
250	440
252	441
253	442
254	443
255	444
256	446
257	447
259	448
260	449
262	451
263	455
264	456
265	457
267	458
268	459
269	460
270	461
273	462
274	464
278	465
279	467
281	468
282	469
285	482
287	489
288	503
289	506
292	507
293	508
295	513
296	523
298	527
299	538
300	542
302	555
303	567
305	568
306	573
308	576
310	579
311	581
312	582
314	588
315	591
317	592
318	594
319	595
320	599
321	600
322	602
323	604
324	605
325	607
327	608
328	614
331	617
332	620
335	623
337	624
338	630
341	663
342	667
343	668
345	670
347	672
348	673
349	684
350	686
351	693
352	696
354	698
355	702
357	704
358	710
361	712
364	714
366	715
367	724
368	737
369	741
370	755
372	758
373	759
374	763
375	764
376	765
377	775
378	783
379	786
380	790
381	795
382	809
383	810
384	811
385	812
386	815
387	816
389	817
391	818
392	819
393	827
394	829
396	833
398	861
400	864
401	872
402	877
403	896
406	897
407	899
409	903
410	906
411	908
413	911
415	922
417	924
418	929
421	930
422	933
425	935
427	941
428	942
429	943
431	944
435	948
439	949
445	952
450	953
452	962
453	968
454	969
463	971
466	976
470	977
471	981
472	987
473	989
474	990
475	991
476	1001
477	1003
478	1008
479	1014
480	1025
481	1026
483	1028
484	1029
485	1030
486	1036
487	1040
488	1042
490	1048
491	1055
492	1067
493	1070
494	1071
495	1072
496	1078
497	1079
498	1080
499	1081
500	1085
501	1089
502	1093
504	1100
505	1101
509	1108
510	1120
511	1128
512	1132
514	1133
515	1137
516	1140
517	1144
518	1150
519	1152
520	1155
521	1165
522	1166
524	1170
525	1172
526	1176
528	1178
529	1182
530	1183
531	1184
532	1186
533	1188
534	1195
535	1197
536	1199
537	1201
539	1202
540	1205
541	1211
543	1212
544	1213
545	1217
546	1221
547	1224
548	1226
549	1231
550	1233
551	1238
552	1241
553	1243
554	1247
556	1253
557	1257
558	1261
559	1266
560	1267
561	1274
562	1279
563	1280
564	1283
565	1285
566	1291
569	1292
570	1294
571	1295
572	1297
574	1298
575	1299
577	1311
578	1314
580	1316
583	1320
584	1325
585	1333
586	1335
587	1336
589	1341
590	1344
593	1357
596	1364
597	1368
598	1371
601	1372
603	1374
606	1375
609	1377
610	1380
611	1385
612	1386
613	1398
615	1404
616	1406
618	1407
619	1408
621	1410
622	1414
625	1417
626	1420
627	1421
628	1422
629	1425
631	1433
632	1434
633	1437
634	1438
635	1450
636	1455
637	1458
638	1461
639	1462
640	1463
641	1464
642	1465
643	1467
644	1471
645	1478
646	1481
647	1485
648	1486
649	1488
650	1493
651	1494
652	1499
653	1502
654	1505
655	1508
656	1518
657	1521
658	1522
659	1523
660	1527
661	1535
662	1537
664	1542
665	1545
666	1546
669	1553
671	1555
674	1561
675	1566
676	1567
677	1569
678	1570
679	1572
680	1574
681	1584
682	1587
683	1588
685	1591
687	1592
688	1596
689	1600
690	1602
691	1605
692	1606
694	1607
695	1614
697	1620
699	1621
700	1622
701	1623
703	1624
705	1633
706	1634
707	1636
708	1638
709	1639
711	1640
713	1642
716	1643
717	1652
718	1655
719	1657
720	1660
721	1663
722	1673
723	1674
725	1675
726	1685
727	1687
728	1693
729	1696
730	1701
731	1703
732	1704
733	1714
734	1716
735	1721
736	1722
738	1724
739	1727
740	1731
742	1733
743	1734
744	1745
745	1748
746	1751
747	1753
748	1761
749	1766
750	1777
751	1779
752	1782
753	1794
754	1798
756	1804
757	1814
760	1815
761	1816
762	1822
766	1827
767	1828
768	1832
769	1835
770	1838
771	1844
772	1848
773	1850
774	1853
776	1859
777	1862
778	1864
779	1865
780	1869
781	1871
782	1872
784	1874
785	1875
787	1877
788	1880
789	1881
791	1882
792	1889
793	1894
794	1895
796	1897
797	1900
798	1902
799	1910
800	1913
801	1915
802	1917
803	1924
804	1929
805	1930
806	1933
807	1938
808	1940
813	1942
814	1945
820	1950
821	1951
822	1957
823	1962
824	1965
825	1966
826	1967
828	1970
830	1972
831	1974
832	1979
834	1981
835	1989
836	1990
837	1992
838	1994
839	1995
840	1998
841	2001
842	2002
843	2009
844	2011
845	2016
846	2019
847	2027
848	2031
849	2033
850	2037
851	2039
852	2040
853	2041
854	2048
855	2049
856	2051
857	2055
858	2056
859	2058
860	2061
862	2062
863	2063
865	2066
866	2068
867	2076
868	2081
869	2082
870	2083
871	2088
873	2094
874	2107
875	2108
876	2111
878	2112
879	2116
880	2129
881	2130
882	2131
883	2133
884	2136
885	2142
886	2144
887	2151
888	2152
889	2159
890	2163
891	2164
892	2165
893	2169
894	2172
895	2176
898	2177
900	2179
901	2180
902	2185
904	2189
905	2193
907	2198
909	2199
910	2200
912	2212
913	2217
914	2219
915	2233
916	2237
917	2240
918	2248
919	2249
920	2250
921	2251
923	2252
925	2256
926	2258
927	2260
928	2267
931	2273
932	2275
934	2281
936	2284
937	2285
938	2289
939	2290
940	2306
945	2309
946	2310
947	2315
950	2316
951	2321
954	2322
955	2328
956	2331
957	2335
958	2336
959	2337
960	2338
961	2339
963	2340
964	2342
965	2348
966	2354
967	2356
970	2357
972	2362
973	2363
974	2365
975	2374
978	2377
979	2378
980	2381
982	2387
983	2390
984	2398
985	2399
986	2404
988	2408
992	2410
993	2412
994	2413
995	2417
996	2423
997	2425
998	2428
999	2430
1000	2431
1002	2440
1004	2445
1005	2458
1006	2459
1007	2460
1009	2464
1010	2469
1011	2471
1012	2472
1013	2474
1015	2475
1016	2482
1017	2483
1018	2487
1019	2489
1020	2493
1021	2497
1022	2500
1023	2504
1024	2505
1027	2507
1031	2509
1032	2516
1033	2523
1034	2532
1035	2536
1037	2537
1038	2543
1039	2544
1041	2550
1043	2552
1044	2556
1045	2558
1046	2569
1047	2570
1049	2571
1050	2574
1051	2577
1052	2579
1053	2580
1054	2581
1056	2583
1057	2584
1058	2587
1059	2594
1060	2595
1061	2596
1062	2597
1063	2599
1064	2600
1065	2602
1066	2603
1068	2604
1069	2608
1073	2611
1074	2612
1075	2617
1076	2618
1077	2620
1082	2622
1083	2630
1084	2633
1086	2634
1087	2640
1088	2646
1090	2648
1091	2653
1092	2655
1094	2657
1095	2658
1096	2660
1097	2661
1098	2666
1099	2670
1102	2672
1103	2674
1104	2675
1105	2679
1106	2684
1107	2690
1109	2691
1110	2692
1111	2698
1112	2700
1113	2701
1114	2707
1115	2718
1116	2719
1117	2732
1118	2739
1119	2742
1121	2745
1122	2746
1123	2747
1124	2751
1125	2752
1126	2755
1127	2765
1129	2766
1130	2767
1131	2773
1134	2774
1135	2775
1136	2781
1138	2787
1139	2788
1141	2793
1142	2794
1143	2795
1145	2805
1146	2811
1147	2812
1148	2819
1149	2822
1151	2824
1153	2827
1154	2830
1156	2844
1157	2847
1158	2848
1159	2851
1160	2852
1161	2853
1162	2855
1163	2859
1164	2863
1167	2867
1168	2869
1169	2875
1171	2880
1173	2883
1174	2890
1175	2891
1177	2892
1179	2894
1180	2899
1181	2904
1185	2906
1187	2908
1189	2909
1190	2910
1191	2922
1192	2927
1193	2928
1194	2933
1196	2935
1198	2939
1200	2944
1203	2946
1204	2947
1206	2952
1207	2953
1208	2955
1209	2956
1210	2958
1214	2959
1215	2960
1216	2961
1218	2962
1219	2963
1220	2965
1222	2966
1223	2969
1225	2975
1227	2976
1228	2977
1229	2978
1230	2979
1232	2982
1234	2985
1235	2989
1236	2992
1237	2993
1239	2994
1240	3002
1242	3014
1244	3015
1245	3016
1246	3019
1248	3020
1249	3024
1250	3028
1251	3030
1252	3033
1254	3034
1255	3036
1256	3038
1258	3042
1259	3043
1260	3044
1262	3050
1263	3051
1264	3056
1265	3061
1268	3065
1269	3072
1270	3074
1271	3077
1272	3078
1273	3080
1275	3091
1276	3094
1277	3110
1278	3111
1281	3116
1282	3117
1284	3120
1286	3131
1287	3135
1288	3141
1289	3148
1290	3150
1293	3151
1296	3153
1300	3155
1301	3157
1302	3161
1303	3162
1304	3168
1305	3173
1306	3174
1307	3177
1308	3178
1309	3182
1310	3184
1312	3186
1313	3198
1315	3202
1317	3204
1318	3208
1319	3210
1321	3212
1322	3214
1323	3216
1324	3223
1326	3226
1327	3233
1328	3237
1329	3238
1330	3243
1331	3246
1332	3252
1334	3253
1337	3257
1338	3258
1339	3259
1340	3265
1342	3266
1343	3269
1345	3272
1346	3275
1347	3276
1348	3277
1349	3280
1350	3282
1351	3284
1352	3285
1353	3286
1354	3287
1355	3290
1356	3296
1358	3297
1359	3298
1360	3304
1361	3308
1362	3314
1363	3331
1365	3333
1366	3337
1367	3348
1369	3352
1370	3360
1373	3373
1376	3378
1378	3381
1379	3390
1381	3394
1382	3399
1383	3400
1384	3401
1387	3408
1388	3410
1389	3413
1390	3414
1391	3415
1392	3416
1393	3419
1394	3421
1395	3430
1396	3433
1397	3436
1399	3437
1400	3438
1401	3439
1402	3446
1403	3450
1405	3454
1409	3458
1411	3462
1412	3465
1413	3469
1415	3470
1416	3472
1418	3473
1419	3474
1423	3477
1424	3480
1426	3485
1427	3489
1428	3493
1429	3507
1430	3510
1431	3514
1432	3516
1435	3517
1436	3519
1439	3525
1440	3529
1441	3532
1442	3534
1443	3536
1444	3538
1445	3542
1446	3545
1447	3551
1448	3553
1449	3556
1451	3560
1452	3567
1453	3571
1454	3576
1456	3579
1457	3586
1459	3587
1460	3590
1466	3597
1468	3604
1469	3605
1470	3606
1472	3607
1473	3609
1474	3612
1475	3613
1476	3615
1477	3617
1479	3619
1480	3623
1482	3631
1483	3633
1484	3634
1487	3635
1489	3639
1490	3641
1491	3650
1492	3653
1495	3654
1496	3656
1497	3658
1498	3659
1500	3662
1501	3663
1503	3664
1504	3670
1506	3683
1507	3688
1509	3692
1510	3693
1511	3694
1512	3701
1513	3702
1514	3710
1515	3715
1516	3724
1517	3725
1519	3726
1520	3727
1524	3730
1525	3731
1526	3733
1528	3735
1529	3739
1530	3742
1531	3763
1532	3768
1533	3779
1534	3784
1536	3787
1538	3790
1539	3792
1540	3797
1541	3799
1543	3801
1544	3807
1547	3810
1548	3824
1549	3825
1550	3831
1551	3833
1552	3834
1554	3836
1556	3838
1557	3840
1558	3841
1559	3842
1560	3843
1562	3844
1563	3845
1564	3846
1565	3852
1568	3854
1571	3856
1573	3861
1575	3862
1576	3867
1577	3871
1578	3877
1579	3879
1580	3883
1581	3912
1582	3914
1583	3918
1585	3919
1586	3920
1589	3923
1590	3924
1593	3925
1594	3926
1595	3928
1597	3929
1598	3937
1599	3938
1601	3941
1603	3943
1604	3945
1608	3946
1609	3957
1610	3970
1611	3975
1612	3978
1613	3981
1615	3982
1616	3983
1617	3988
1618	3990
1619	3994
1625	3995
1626	3996
1627	3999
1628	4006
1629	4009
1630	4014
1631	4015
1632	4022
1635	4023
1637	4024
1641	4026
1644	4029
1645	4031
1646	4032
1647	4033
1648	4038
1649	4039
1650	4040
1651	4041
1653	4044
1654	4046
1656	4047
1658	4048
1659	4050
1661	4051
1662	4052
1664	4054
1665	4055
1666	4056
1667	4057
1668	4058
1669	4059
1670	4060
1671	4061
1672	4064
1676	4065
1677	4069
1678	4073
1679	4074
1680	4077
1681	4078
1682	4085
1683	4088
1684	4089
1686	4090
1688	4091
1689	4100
1690	4101
1691	4102
1692	4103
1694	4104
1695	4105
1697	4108
1698	4114
1699	4116
1700	4117
1702	4118
1705	4119
1706	4121
1707	4123
1708	4124
1709	4125
1710	4126
1711	4127
1712	4128
1713	4131
1715	4132
1717	4133
1718	4140
1719	4149
1720	4151
1723	4157
1725	4158
1726	4160
1728	4167
1729	4177
1730	4178
1732	4193
1735	4200
1736	4207
1737	4220
1738	4226
1739	4242
1740	4255
1741	4256
1742	4259
1743	4260
1744	4261
1746	4262
1747	4264
1749	4267
1750	4270
1752	4272
1754	4273
1755	4276
1756	4279
1757	4281
1758	4283
1759	4284
1760	4285
1762	4287
1763	4288
1764	4289
1765	4290
1767	4295
1768	4296
1769	4302
1770	4306
1771	4312
1772	4313
1773	4324
1774	4325
1775	4328
1776	4330
1778	4333
1780	4344
1781	4347
1783	4351
1784	4355
1785	4369
1786	4379
1787	4383
1788	4386
1789	4387
1790	4388
1791	4392
1792	4393
1793	4396
1795	4408
1796	4409
1797	4411
1799	4412
1800	4413
1801	4414
1802	4415
1803	4416
1805	4419
1806	4421
1807	4426
1808	4427
1809	4428
1810	4429
1811	4431
1812	4432
1813	4433
1817	4434
1818	4435
1819	4436
1820	4437
1821	4441
1823	4442
1824	4445
1825	4450
1826	4452
1829	4455
1830	4458
1831	4460
1833	4466
1834	4480
1836	4484
1837	4503
1839	4505
1840	4506
1841	4513
1842	4514
1843	4523
1845	4539
1846	4544
1847	4546
1849	4551
1851	4553
1852	4554
1854	4555
1855	4557
1856	4560
1857	4562
1858	4565
1860	4567
1861	4575
1863	4581
1866	4585
1867	4586
1868	4587
1870	4589
1873	4592
1876	4603
1878	4623
1879	4635
1883	4643
1884	4650
1885	4653
1886	4657
1887	4660
1888	4664
1890	4665
1891	4669
1892	4670
1893	4671
1896	4672
1898	4674
1899	4676
1901	4687
1903	4688
1904	4689
1905	4692
1906	4693
1907	4694
1908	4696
1909	4699
1911	4701
1912	4702
1914	4704
1916	4706
1918	4709
1919	4710
1920	4713
1921	4715
1922	4716
1923	4724
1925	4726
1926	4727
1927	4729
1928	4736
1931	4738
1932	4739
1934	4746
1935	4747
1936	4750
1937	4752
1939	4755
1941	4756
1943	4767
1944	4768
1946	4769
1947	4775
1948	4777
1949	4788
1952	4790
1953	4797
1954	4799
1955	4802
1956	4807
1958	4811
1959	4814
1960	4825
1961	4826
1963	4837
1964	4841
1968	4850
1969	4851
1971	4852
1973	4855
1975	4862
1976	4863
1977	4875
1978	4877
1980	4884
1982	4885
1983	4887
1984	4888
1985	4889
1986	4890
1987	4891
1988	4892
1991	4893
1993	4894
1996	4897
1997	4898
1999	4899
2000	4900
2003	4902
2004	4903
2005	4905
2006	4920
2007	4921
2008	4922
2010	4928
2012	4930
2013	4934
2014	4937
2015	4944
2017	4949
2018	4957
2020	4980
2021	4982
2022	4988
2023	4993
2024	4994
2025	4995
2026	4999
2028	5000
2029	5004
2030	5006
2032	5007
2034	5010
2035	5011
2036	5016
2038	5017
2042	5022
2043	5029
2044	5030
2045	5031
2046	5032
2047	5033
2050	5043
2052	5044
2053	5055
2054	5078
2057	5085
2059	5088
2060	5092
2064	5093
2065	5101
2067	5104
2069	5112
2070	5117
2071	5120
2072	5121
2073	5130
2074	5136
2075	5145
2077	5147
2078	5153
2079	5155
2080	5157
2084	5162
2085	5163
2086	5164
2087	5165
2089	5166
2090	5168
2091	5170
2092	5174
2093	5180
2095	5181
2096	5185
2097	5186
2098	5187
2099	5191
2100	5196
2101	5197
2102	5198
2103	5199
2104	5200
2105	5201
2106	5204
2109	5208
2110	5209
2113	5213
2114	5221
2115	5224
2117	5226
2118	5235
2119	5236
2120	5238
2121	5239
2122	5241
2123	5243
2124	5254
2125	5255
2126	5257
2127	5259
2128	5261
2132	5266
2134	5270
2135	5273
2137	5283
2138	5288
2139	5292
2140	5294
2141	5295
2143	5296
2145	5297
2146	5298
2147	5300
2148	5301
2149	5302
2150	5303
2153	5304
2154	5308
2155	5317
2156	5324
2157	5325
2158	5326
2160	5330
2161	5331
2162	5333
2166	5334
2167	5358
2168	5360
2170	5361
2171	5363
2173	5368
2174	5369
2175	5374
2178	5375
2181	5376
2182	5377
2183	5379
2184	5384
2186	5386
2187	5387
2188	5388
2190	5391
2191	5392
2192	5393
2194	5399
2195	5401
2196	5406
2197	5408
2201	5412
2202	5418
2203	5419
2204	5421
2205	5428
2206	5436
2207	5437
2208	5439
2209	5441
2210	5445
2211	5447
2213	5458
2214	5463
2215	5468
2216	5469
2218	5470
2220	5472
2221	5474
2222	5476
2223	5477
2224	5478
2225	5479
2226	5483
2227	5486
2228	5488
2229	5489
2230	5491
2231	5492
2232	5493
2234	5495
2235	5496
2236	5497
2238	5498
2239	5501
2241	5505
2242	5509
2243	5510
2244	5511
2245	5512
2246	5513
2247	5514
2253	5515
2254	5518
2255	5525
2257	5526
2259	5527
2261	5531
2262	5539
2263	5541
2264	5548
2265	5558
2266	5562
2268	5563
2269	5569
2270	5572
2271	5574
2272	5575
2274	5579
2276	5581
2277	5583
2278	5584
2279	5585
2280	5586
2282	5588
2283	5589
2286	5590
2287	5604
2288	5611
2291	5620
2292	5621
2293	5622
2294	5625
2295	5629
2296	5630
2297	5633
2298	5636
2299	5637
2300	5644
2301	5650
2302	5652
2303	5659
2304	5663
2305	5677
2307	5682
2308	5698
2311	5699
2312	5700
2313	5701
2314	5702
2317	5706
2318	5724
2319	5725
2320	5728
2323	5730
2324	5731
2325	5735
2326	5739
2327	5740
2329	5745
2330	5746
2332	5767
2333	5769
2334	5772
2341	5782
2343	5784
2344	5787
2345	5796
2346	5797
2347	5798
2349	5801
2350	5804
2351	5805
2352	5806
2353	5809
2355	5811
2358	5812
2359	5814
2360	5816
2361	5820
2364	5822
2366	5823
2367	5824
2368	5825
2369	5826
2370	5827
2371	5828
2372	5829
2373	5833
2375	5834
2376	5836
2379	5837
2380	5838
2382	5844
2383	5848
2384	5849
2385	5850
2386	5851
2388	5857
2389	5863
2391	5864
2392	5872
2393	5874
2394	5876
2395	5885
2396	5887
2397	5893
2400	5897
2401	5904
2402	5906
2403	5914
2405	5917
2406	5925
2407	5926
2409	5929
2411	5930
2414	5932
2415	5935
2416	5940
2418	5942
2419	5945
2420	5950
2421	5952
2422	5953
2424	5954
2426	5962
2427	5963
2429	5965
2432	5969
2433	5976
2434	5978
2435	5979
2436	5980
2437	5989
2438	5990
2439	5991
2441	5992
2442	6001
2443	6004
2444	6005
2446	6006
2447	6018
2448	6026
2449	6028
2450	6031
2451	6036
2452	6049
2453	6050
2454	6052
2455	6055
2456	6056
2457	6058
2461	6061
2462	6066
2463	6067
2465	6071
2466	6082
2467	6085
2468	6087
2470	6090
2473	6092
2476	6096
2477	6098
2478	6099
2479	6100
2480	6108
2481	6110
2484	6112
2485	6114
2486	6119
2488	6124
2490	6125
2491	6126
2492	6128
2494	6129
2495	6131
2496	6132
2498	6146
2499	6147
2501	6149
2502	6150
2503	6151
2506	6152
2508	6153
2510	6157
2511	6160
2512	6161
2513	6164
2514	6167
2515	6168
2517	6185
2518	6187
2519	6188
2520	6191
2521	6192
2522	6193
2524	6194
2525	6196
2526	6197
2527	6198
2528	6202
2529	6203
2530	6206
2531	6207
2533	6208
2534	6213
2535	6214
2538	6215
2539	6218
2540	6220
2541	6221
2542	6222
2545	6226
2546	6234
2547	6236
2548	6243
2549	6247
2551	6248
2553	6251
2554	6253
2555	6254
2557	6258
2559	6263
2560	6264
2561	6268
2562	6275
2563	6278
2564	6284
2565	6285
2566	6287
2567	6292
2568	6295
2572	6296
2573	6297
2575	6302
2576	6304
2578	6306
2582	6308
2585	6314
2586	6319
2588	6324
2589	6328
2590	6329
2591	6331
2592	6343
2593	6345
2598	6352
2601	6361
2605	6367
2606	6371
2607	6373
2609	6377
2610	6381
2613	6382
2614	6385
2615	6397
2616	6398
2619	6400
2621	6407
2623	6421
2624	6428
2625	6437
2626	6467
2627	6477
2628	6486
2629	6488
2631	6494
2632	6515
2635	6521
2636	6541
2637	6543
2638	6547
2639	6550
2641	6552
2642	6555
2643	6556
2644	6557
2645	6558
2647	6560
2649	6562
2650	6563
2651	6567
2652	6568
2654	6571
2656	6572
2659	6574
2662	6575
2663	6577
2664	6584
2665	6593
2667	6594
2668	6600
2669	6611
2671	6614
2673	6616
2676	6619
2677	6621
2678	6627
2680	6633
2681	6634
2682	6635
2683	6637
2685	6638
2686	6646
2687	6649
2688	6655
2689	6671
2693	6673
2694	6674
2695	6675
2696	6676
2697	6677
2699	6678
2702	6684
2703	6689
2704	6691
2705	6692
2706	6693
2708	6695
2709	6700
2710	6704
2711	6705
2712	6711
2713	6712
2714	6713
2715	6719
2716	6721
2717	6722
2720	6727
2721	6728
2722	6739
2723	6740
2724	6742
2725	6753
2726	6754
2727	6758
2728	6763
2729	6764
2730	6765
2731	6766
2733	6767
2734	6770
2735	6773
2736	6774
2737	6777
2738	6778
2740	6779
2741	6780
2743	6787
2744	6788
2748	6790
2749	6791
2750	6794
2753	6807
2754	6816
2756	6817
2757	6828
2758	6830
2759	6832
2760	6833
2761	6834
2762	6839
2763	6840
2764	6842
2768	6843
2769	6847
2770	6848
2771	6849
2772	6850
2776	6851
2777	6853
2778	6858
2779	6864
2780	6883
2782	6886
2783	6887
2784	6890
2785	6892
2786	6894
2789	6902
2790	6904
2791	6905
2792	6906
2796	6907
2797	6911
2798	6912
2799	6913
2800	6914
2801	6918
2802	6921
2803	6928
2804	6929
2806	6931
2807	6933
2808	6936
2809	6938
2810	6939
2813	6940
2814	6943
2815	6950
2816	6951
2817	6952
2818	6953
2820	6954
2821	6955
2823	6956
2825	6957
2826	6958
2828	6959
2829	6960
2831	6968
2832	6973
2833	6974
2834	6977
2835	6996
2836	7004
2837	7006
2838	7008
2839	7010
2840	7011
2841	7012
2842	7018
2843	7036
2845	7037
2846	7038
2849	7040
2850	7041
2854	7042
2856	7044
2857	7046
2858	7049
2860	7050
2861	7052
2862	7057
2864	7058
2865	7059
2866	7062
2868	7065
2870	7066
2871	7068
2872	7069
2873	7070
2874	7074
2876	7084
2877	7087
2878	7089
2879	7090
2881	7091
2882	7092
2884	7095
2885	7102
2886	7109
2887	7114
2888	7119
2889	7121
2893	7128
2895	7131
2896	7135
2897	7138
2898	7139
2900	7141
2901	7157
2902	7160
2903	7161
2905	7162
2907	7164
2911	7167
2912	7169
2913	7170
2914	7177
2915	7178
2916	7183
2917	7187
2918	7188
2919	7189
2920	7192
2921	7197
2923	7204
2924	7211
2925	7212
2926	7213
2929	7214
2930	7234
2931	7243
2932	7246
2934	7252
2936	7259
2937	7267
2938	7269
2940	7270
2941	7271
2942	7272
2943	7274
2945	7279
2948	7283
2949	7286
2950	7289
2951	7292
2954	7295
2957	7296
2964	7301
2967	7304
2968	7305
2970	7306
2971	7310
2972	7313
2973	7316
2974	7317
2980	7320
2981	7323
2983	7326
2984	7328
2986	7331
2987	7332
2988	7333
2990	7335
2991	7340
2995	7343
2996	7344
2997	7345
2998	7346
2999	7351
3000	7353
3001	7364
3003	7366
3004	7375
3005	7380
3006	7381
3007	7382
3008	7385
3009	7386
3010	7408
3011	7409
3012	7411
3013	7413
3017	7414
3018	7415
3021	7416
3022	7419
3023	7421
3025	7422
3026	7423
3027	7425
3029	7427
3031	7428
3032	7429
3035	7431
3037	7435
3039	7437
3040	7438
3041	7439
3045	7442
3046	7445
3047	7446
3048	7451
3049	7452
3052	7457
3053	7460
3054	7462
3055	7476
3057	7477
3058	7479
3059	7483
3060	7484
3062	7497
3063	7499
3064	7505
3066	7507
3067	7514
3068	7526
3069	7529
3070	7534
3071	7536
3073	7537
3075	7538
3076	7541
3079	7542
3081	7543
3082	7545
3083	7546
3084	7549
3085	7550
3086	7552
3087	7554
3088	7555
3089	7565
3090	7568
3092	7573
3093	7574
3095	7579
3096	7580
3097	7584
3098	7588
3099	7598
3100	7599
3101	7600
3102	7602
3103	7603
3104	7611
3105	7613
3106	7618
3107	7619
3108	7621
3109	7622
3112	7624
3113	7625
3114	7627
3115	7628
3118	7629
3119	7630
3121	7631
3122	7636
3123	7637
3124	7640
3125	7641
3126	7644
3127	7647
3128	7648
3129	7651
3130	7655
3132	7658
3133	7659
3134	7660
3136	7664
3137	7665
3138	7668
3139	7669
3140	7670
3142	7672
3143	7673
3144	7674
3145	7681
3146	7682
3147	7691
3149	7693
3152	7721
3154	7724
3156	7730
3158	7731
3159	7733
3160	7734
3163	7736
3164	7739
3165	7741
3166	7742
3167	7743
3169	7744
3170	7745
3171	7747
3172	7748
3175	7749
3176	7750
3179	7753
3180	7754
3181	7755
3183	7757
3185	7758
3187	7760
3188	7762
3189	7763
3190	7767
3191	7770
3192	7773
3193	7774
3194	7779
3195	7780
3196	7785
3197	7792
3199	7798
3200	7801
3201	7802
3203	7804
3205	7808
3206	7812
3207	7816
3209	7817
3211	7819
3213	7822
3215	7823
3217	7824
3218	7828
3219	7830
3220	7831
3221	7839
3222	7849
3224	7851
3225	7852
3227	7863
3228	7864
3229	7871
3230	7872
3231	7874
3232	7875
3234	7876
3235	7878
3236	7882
3239	7885
3240	7886
3241	7887
3242	7888
3244	7889
3245	7890
3247	7891
3248	7892
3249	7893
3250	7894
3251	7895
3254	7896
3255	7910
3256	7912
3260	7914
3261	7918
3262	7923
3263	7932
3264	7934
3267	7939
3268	7941
3270	7942
3271	7943
3273	7944
3274	7948
3278	7950
3279	7951
3281	7952
3283	7963
3288	7971
3289	7972
3291	7973
3292	7974
3293	7975
3294	7979
3295	7983
3299	7993
3300	7999
3301	8010
3302	8012
3303	8016
3305	8017
3306	8024
3307	8041
3309	8044
3310	8047
3311	8048
3312	8050
3313	8053
3315	8072
3316	8074
3317	8079
3318	8080
3319	8088
3320	8091
3321	8095
3322	8102
3323	8110
3324	8126
3325	8134
3326	8141
3327	8144
3328	8185
3329	8190
3330	8191
3332	8192
3334	8197
3335	8198
3336	8204
3338	8209
3339	8227
3340	8250
3341	8251
3342	8254
3343	8258
3344	8262
3345	8263
3346	8265
3347	8270
3349	8271
3350	8272
3351	8273
3353	8274
3354	8275
3355	8276
3356	8277
3357	8282
3358	8283
3359	8284
3361	8285
3362	8288
3363	8289
3364	8299
3365	8302
3366	8303
3367	8304
3368	8305
3369	8306
3370	8307
3371	8310
3372	8311
3374	8312
3375	8313
3376	8314
3377	8315
3379	8319
3380	8322
3382	8323
3383	8324
3384	8328
3385	8329
3386	8343
3387	8344
3388	8349
3389	8353
3391	8357
3392	8359
3393	8360
3395	8366
3396	8367
3397	8368
3398	8369
3402	8372
3403	8378
3404	8379
3405	8380
3406	8392
3407	8406
3409	8408
3411	8409
3412	8413
3417	8417
3418	8419
3420	8420
3422	8421
3423	8423
3424	8424
3425	8427
3426	8443
3427	8444
3428	8446
3429	8447
3431	8448
3432	8450
3434	8454
3435	8458
3440	8461
3441	8468
3442	8470
3443	8471
3444	8488
3445	8489
3447	8491
3448	8492
3449	8494
3451	8495
3452	8496
3453	8497
3455	8498
3456	8499
3457	8500
3459	8501
3460	8502
3461	8503
3463	8504
3464	8505
3466	8506
3467	8507
3468	8508
3471	8533
3475	8543
3476	8544
3478	8552
3479	8553
3481	8554
3482	8555
3483	8556
3484	8557
3486	8558
3487	8559
3488	8560
3490	8561
3491	8562
3492	8563
3494	8566
3495	8567
3496	8568
3497	8581
3498	8589
3499	8591
3500	8593
3501	8607
3502	8608
3503	8609
3504	8612
3505	8613
3506	8614
3508	8615
3509	8616
3511	8617
3512	8625
3513	8626
3515	8627
3518	8628
3520	8629
3521	8630
3522	8631
3523	8632
3524	8634
3526	8639
3527	8644
3528	8647
3530	8648
3531	8650
3533	8652
3535	8660
3537	8661
3539	8664
3540	8668
3541	8679
3543	8680
3544	8689
3546	8702
3547	8703
3548	8705
3549	8714
3550	8723
3552	8726
3554	8728
3555	8737
3557	8743
3558	8744
3559	8746
3561	8747
3562	8748
3563	8749
3564	8750
3565	8752
3566	8755
3568	8758
3569	8760
3570	8777
3572	8778
3573	8779
3574	8780
3575	8781
3577	8782
3578	8783
3580	8784
3581	8786
3582	8787
3583	8788
3584	8789
3585	8790
3588	8800
3589	8801
3591	8829
3592	8832
3593	8837
3594	8840
3595	8841
3596	8845
3598	8846
3599	8849
3600	8850
3601	8851
3602	8853
3603	8854
3608	8855
3610	8857
3611	8859
3614	8864
3616	8867
3618	8869
3620	8871
3621	8872
3622	8873
3624	8874
3625	8875
3626	8878
3627	8879
3628	8881
3629	8882
3630	8884
3632	8888
3636	8889
3637	8892
3638	8896
3640	8904
3642	8905
3643	8916
3644	8917
3645	8928
3646	8929
3647	8930
3648	8932
3649	8938
3651	8939
3652	8940
3655	8941
3657	8944
3660	8949
3661	8950
3665	8951
3666	8952
3667	8953
3668	8955
3669	8964
3671	8966
3672	8970
3673	8972
3674	8975
3675	8994
3676	9000
3677	9012
3678	9013
3679	9022
3680	9026
3681	9027
3682	9028
3684	9033
3685	9034
3686	9035
3687	9039
3689	9040
3690	9042
3691	9044
3695	9053
3696	9054
3697	9057
3698	9058
3699	9061
3700	9065
3703	9066
3704	9067
3705	9068
3706	9069
3707	9075
3708	9077
3709	9078
3711	9079
3712	9081
3713	9083
3714	9084
3716	9086
3717	9088
3718	9090
3719	9091
3720	9093
3721	9095
3722	9096
3723	9100
3728	9101
3729	9102
3732	9103
3734	9104
3736	9106
3737	9123
3738	9125
3740	9126
3741	9135
3743	9138
3744	9145
3745	9149
3746	9151
3747	9153
3748	9155
3749	9161
3750	9165
3751	9167
3752	9169
3753	9174
3754	9176
3755	9178
3756	9179
3757	9180
3758	9184
3759	9185
3760	9186
3761	9188
3762	9189
3764	9192
3765	9193
3766	9194
3767	9195
3769	9197
3770	9198
3771	9200
3772	9201
3773	9204
3774	9205
3775	9207
3776	9209
3777	9214
3778	9215
3780	9218
3781	9219
3782	9220
3783	9221
3785	9222
3786	9225
3788	9226
3789	9236
3791	9239
3793	9242
3794	9243
3795	9245
3796	9246
3798	9256
3800	9257
3802	9258
3803	9261
3804	9262
3805	9266
3806	9267
3808	9268
3809	9270
3811	9278
3812	9279
3813	9281
3814	9282
3815	9284
3816	9302
3817	9303
3818	9304
3819	9306
3820	9307
3821	9308
3822	9309
3823	9310
3826	9316
3827	9331
3828	9335
3829	9337
3830	9340
3832	9341
3835	9344
3837	9345
3839	9349
3847	9351
3848	9357
3849	9359
3850	9360
3851	9364
3853	9365
3855	9379
3857	9380
3858	9383
3859	9390
3860	9391
3863	9395
3864	9396
3865	9397
3866	9398
3868	9399
3869	9402
3870	9404
3872	9405
3873	9406
3874	9407
3875	9408
3876	9418
3878	9428
3880	9429
3881	9433
3882	9445
3884	9449
3885	9453
3886	9463
3887	9465
3888	9479
3889	9482
3890	9486
3891	9491
3892	9492
3893	9497
3894	9500
3895	9507
3896	9512
3897	9514
3898	9516
3899	9517
3900	9519
3901	9520
3902	9521
3903	9524
3904	9528
3905	9530
3906	9533
3907	9538
3908	9544
3909	9545
3910	9546
3911	9547
3913	9548
3915	9549
3916	9551
3917	9555
3921	9556
3922	9557
3927	9558
3930	9559
3931	9560
3932	9561
3933	9562
3934	9563
3935	9565
3936	9566
3939	9570
3940	9571
3942	9572
3944	9573
3947	9574
3948	9575
3949	9576
3950	9582
3951	9585
3952	9586
3953	9587
3954	9588
3955	9589
3956	9590
3958	9591
3959	9592
3960	9593
3961	9595
3962	9597
3963	9599
3964	9600
3965	9602
3966	9603
3967	9604
3968	9615
3969	9618
3971	9625
3972	9626
3973	9627
3974	9629
3976	9630
3977	9631
3979	9641
3980	9646
3984	9658
3985	9661
3986	9662
3987	9663
3989	9664
3991	9671
3992	9673
3993	9674
3997	9675
3998	9680
4000	9682
4001	9683
4002	9684
4003	9685
4004	9687
4005	9689
4007	9693
4008	9695
4010	9700
4011	9703
4012	9704
4013	9706
4016	9732
4017	9733
4018	9734
4019	9735
4020	9737
4021	9738
4025	9739
4027	9740
4028	9741
4030	9743
4034	9746
4035	9748
4036	9749
4037	9750
4042	9753
4043	9754
4045	9755
4049	9757
4053	9761
4062	9764
4063	9767
4066	9768
4067	9769
4068	9772
4070	9776
4071	9777
4072	9779
4075	9783
4076	9786
4079	9789
4080	9791
4081	9793
4082	9796
4083	9797
4084	9801
4086	9804
4087	9805
4092	9810
4093	9816
4094	9819
4095	9827
4096	9832
4097	9838
4098	9841
4099	9845
4106	9846
4107	9847
4109	9848
4110	9850
4111	9858
4112	9865
4113	9867
4115	9870
4120	9872
4122	9875
4129	9880
4130	9882
4134	9888
4135	9892
4136	9895
4137	9896
4138	9899
4139	9900
4141	9909
4142	9919
4143	9922
4144	9928
4145	9941
4146	9943
4147	9951
4148	9957
4150	9960
4152	9971
4153	9973
4154	9974
4155	9995
4156	10005
4159	10026
4161	10032
4162	10043
4163	10044
4164	10047
4165	10064
4166	10070
4168	10082
4169	10084
4170	10086
4171	10088
4172	10097
4173	10100
4174	10101
4175	10107
4176	10125
4179	10127
4180	10157
4181	10166
4182	10169
4183	10170
4184	10174
4185	10190
4186	10203
4187	10222
4188	10225
4189	10231
4190	10235
4191	10242
4192	10244
4194	10255
4195	10274
4196	10281
4197	10291
4198	10294
4199	10299
4201	10301
4202	10308
4203	10310
4204	10323
4205	10325
4206	10328
4208	10339
4209	10340
4210	10350
4211	10354
4212	10361
4213	10371
4214	10373
4215	10374
4216	10375
4217	10376
4218	10377
4219	10378
4221	10381
4222	10382
4223	10383
4224	10384
4225	10386
4227	10389
4228	10390
4229	10392
4230	10394
4231	10395
4232	10396
4233	10399
4234	10403
4235	10404
4236	10405
4237	10408
4238	10413
4239	10415
4240	10417
4241	10418
4243	10421
4244	10422
4245	10430
4246	10431
4247	10433
4248	10434
4249	10437
4250	10438
4251	10439
4252	10448
4253	10452
4254	10464
4257	10474
4258	10481
4263	10483
4265	10486
4266	10497
4268	10501
4269	10502
4271	10506
4274	10508
4275	10511
4277	10513
4278	10521
4280	10537
4282	10539
4286	10540
4291	10544
4292	10552
4293	10554
4294	10555
4297	10567
4298	10569
4299	10577
4300	10580
4301	10586
4303	10587
4304	10588
4305	10591
4307	10596
4308	10597
4309	10598
4310	10605
4311	10606
4314	10608
4315	10619
4316	10621
4317	10622
4318	10627
4319	10629
4320	10632
4321	10633
4322	10645
4323	10646
4326	10649
4327	10657
4329	10660
4331	10661
4332	10671
4334	10672
4335	10678
4336	10684
4337	10685
4338	10698
4339	10700
4340	10702
4341	10712
4342	10717
4343	10718
4345	10723
4346	10727
4348	10730
4349	10738
4350	10739
4352	10747
4353	10750
4354	10757
4356	10758
4357	10760
4358	10761
4359	10764
4360	10773
4361	10774
4362	10777
4363	10781
4364	10787
4365	10788
4366	10790
4367	10791
4368	10796
4370	10797
4371	10799
4372	10800
4373	10803
4374	10804
4375	10806
4376	10810
4377	10811
4378	10814
4380	10815
4381	10824
4382	10825
4384	10826
4385	10831
4389	10834
4390	10835
4391	10836
4394	10839
4395	10844
4397	10851
4398	10854
4399	10860
4400	10861
4401	10862
4402	10865
4403	10867
4404	10871
4405	10874
4406	10876
4407	10880
4410	10882
4417	10883
4418	10885
4420	10886
4422	10893
4423	10895
4424	10896
4425	10897
4430	10899
4438	10900
4439	10901
4440	10902
4443	10903
4444	10904
4446	10905
4447	10906
4448	10908
4449	10910
4451	10911
4453	10919
4454	10925
4456	10926
4457	10931
4459	10943
4461	10945
4462	10948
4463	10953
4464	10955
4465	10960
4467	10964
4468	10967
4469	10975
4470	10977
4471	10979
4472	10983
4473	10985
4474	10986
4475	10992
4476	10994
4477	10995
4478	10998
4479	11002
4481	11003
4482	11006
4483	11008
4485	11012
4486	11019
4487	11021
4488	11022
4489	11023
4490	11027
4491	11031
4492	11033
4493	11045
4494	11046
4495	11048
4496	11054
4497	11055
4498	11056
4499	11060
4500	11070
4501	11073
4502	11074
4504	11076
4507	11077
4508	11078
4509	11079
4510	11081
4511	11082
4512	11083
4515	11090
4516	11094
4517	11096
4518	11098
4519	11100
4520	11104
4521	11106
4522	11107
4524	11108
4525	11112
4526	11113
4527	11116
4528	11127
4529	11128
4530	11130
4531	11132
4532	11134
4533	11136
4534	11141
4535	11142
4536	11146
4537	11147
4538	11148
4540	11149
4541	11150
4542	11153
4543	11157
4545	11159
4547	11163
4548	11169
4549	11172
4550	11174
4552	11177
4556	11178
4558	11181
4559	11187
4561	11191
4563	11193
4564	11194
4566	11195
4568	11200
4569	11201
4570	11207
4571	11210
4572	11214
4573	11215
4574	11219
4576	11221
4577	11223
4578	11224
4579	11227
4580	11230
4582	11232
4583	11233
4584	11235
4588	11237
4590	11242
4591	11245
4593	11247
4594	11254
4595	11255
4596	11260
4597	11261
4598	11262
4599	11264
4600	11276
4601	11279
4602	11282
4604	11284
4605	11285
4606	11295
4607	11300
4608	11304
4609	11308
4610	11313
4611	11317
4612	11328
4613	11329
4614	11333
4615	11339
4616	11342
4617	11343
4618	11344
4619	11345
4620	11346
4621	11349
4622	11350
4624	11364
4625	11365
4626	11366
4627	11367
4628	11368
4629	11369
4630	11371
4631	11374
4632	11375
4633	11378
4634	11379
4636	11381
4637	11382
4638	11383
4639	11385
4640	11386
4641	11388
4642	11389
4644	11390
4645	11391
4646	11392
4647	11401
4648	11404
4649	11406
4651	11412
4652	11417
4654	11420
4655	11421
4656	11422
4658	11427
4659	11429
4661	11430
4662	11431
4663	11432
4666	11433
4667	11434
4668	11435
4673	11436
4675	11437
4677	11438
4678	11439
4679	11440
4680	11441
4681	11442
4682	11444
4683	11448
4684	11450
4685	11451
4686	11452
4690	11454
4691	11455
4695	11456
4697	11458
4698	11460
4700	11461
4703	11462
4705	11465
4707	11467
4708	11469
4711	11470
4712	11471
4714	11473
4717	11476
4718	11481
4719	11487
4720	11489
4721	11494
4722	11504
4723	11506
4725	11512
4728	11514
4730	11515
4731	11518
4732	11521
4733	11522
4734	11524
4735	11529
4737	11530
4740	11532
4741	11549
4742	11550
4743	11561
4744	11562
4745	11565
4748	11566
4749	11569
4751	11571
4753	11576
4754	11577
4757	11578
4758	11579
4759	11580
4760	11581
4761	11582
4762	11584
4763	11595
4764	11600
4765	11601
4766	11602
4770	11603
4771	11604
4772	11605
4773	11609
4774	11610
4776	11625
4778	11627
4779	11628
4780	11631
4781	11635
4782	11641
4783	11642
4784	11643
4785	11645
4786	11647
4787	11650
4789	11651
4791	11653
4792	11654
4793	11656
4794	11658
4795	11664
4796	11666
4798	11667
4800	11668
4801	11670
4803	11672
4804	11675
4805	11677
4806	11680
4808	11682
4809	11689
4810	11696
4812	11698
4813	11699
4815	11701
4816	11703
4817	11706
4818	11709
4819	11710
4820	11712
4821	11724
4822	11728
4823	11731
4824	11732
4827	11734
4828	11737
4829	11739
4830	11744
4831	11752
4832	11753
4833	11757
4834	11758
4835	11761
4836	11762
4838	11763
4839	11764
4840	11765
4842	11767
4843	11768
4844	11778
4845	11779
4846	11792
4847	11793
4848	11794
4849	11795
4853	11796
4854	11797
4856	11798
4857	11799
4858	11800
4859	11818
4860	11847
4861	11849
4864	11850
4865	11852
4866	11856
4867	11858
4868	11860
4869	11865
4870	11867
4871	11868
4872	11870
4873	11879
4874	11885
4876	11894
4878	11895
4879	11896
4880	11899
4881	11900
4882	11909
4883	11912
4886	11914
4895	11922
4896	11924
4901	11929
4904	11937
4906	11938
4907	11940
4908	11950
4909	11951
4910	11953
4911	11954
4912	11955
4913	11956
4914	11963
4915	11967
4916	11968
4917	11969
4918	11971
4919	11974
4923	11975
4924	11979
4925	11987
4926	11991
4927	11992
4929	11993
4931	12005
4932	12007
4933	12012
4935	12013
4936	12015
4938	12016
4939	12018
4940	12020
4941	12022
4942	12024
4943	12026
4945	12027
4946	12030
4947	12032
4948	12033
4950	12035
4951	12036
4952	12041
4953	12042
4954	12043
4955	12045
4956	12049
4958	12052
4959	12053
4960	12057
4961	12058
4962	12067
4963	12069
4964	12070
4965	12071
4966	12076
4967	12077
4968	12084
4969	12085
4970	12088
4971	12089
4972	12091
4973	12100
4974	12101
4975	12104
4976	12112
4977	12118
4978	12121
4979	12124
4981	12126
4983	12129
4984	12130
4985	12135
4986	12136
4987	12137
4989	12140
4990	12143
4991	12146
4992	12148
4996	12149
4997	12153
4998	12154
5001	12158
5002	12159
5003	12160
5005	12161
5008	12162
5009	12166
5012	12168
5013	12170
5014	12173
5015	12179
5018	12181
5019	12182
5020	12187
5021	12188
5023	12189
5024	12191
5025	12194
5026	12195
5027	12199
5028	12203
5034	12204
5035	12205
5036	12207
5037	12210
5038	12211
5039	12212
5040	12213
5041	12214
5042	12215
5045	12218
5046	12222
5047	12224
5048	12226
5049	12227
5050	12232
5051	12233
5052	12242
5053	12246
5054	12249
5056	12254
5057	12256
5058	12258
5059	12259
5060	12260
5061	12264
5062	12270
5063	12278
5064	12282
5065	12283
5066	12291
5067	12293
5068	12294
5069	12295
5070	12297
5071	12305
5072	12306
5073	12308
5074	12309
5075	12310
5076	12312
5077	12318
5079	12319
5080	12320
5081	12321
5082	12322
5083	12324
5084	12332
5086	12335
5087	12336
5089	12339
5090	12344
5091	12345
5094	12348
5095	12349
5096	12352
5097	12354
5098	12363
5099	12367
5100	12368
5102	12369
5103	12370
5105	12371
5106	12379
5107	12380
5108	12383
5109	12386
5110	12387
5111	12390
5113	12392
5114	12393
5115	12395
5116	12396
5118	12397
5119	12401
5122	12402
5123	12403
5124	12404
5125	12407
5126	12410
5127	12419
5128	12425
5129	12426
5131	12436
5132	12439
5133	12442
5134	12449
5135	12457
5137	12468
5138	12470
5139	12474
5140	12475
5141	12480
5142	12487
5143	12489
5144	12499
5146	12502
5148	12504
5149	12506
5150	12508
5151	12509
5152	12512
5154	12514
5156	12515
5158	12519
5159	12522
5160	12523
5161	12526
5167	12533
5169	12534
5171	12535
5172	12537
5173	12544
5175	12547
5176	12548
5177	12554
5178	12567
5179	12568
5182	12569
5183	12570
5184	12571
5188	12572
5189	12573
5190	12574
5192	12575
5193	12578
5194	12580
5195	12582
5202	12584
5203	12589
5205	12611
5206	12615
5207	12616
5210	12618
5211	12627
5212	12632
5214	12634
5215	12635
5216	12636
5217	12638
5218	12644
5219	12646
5220	12649
5222	12650
5223	12654
5225	12656
5227	12657
5228	12659
5229	12660
5230	12664
5231	12694
5232	12698
5233	12699
5234	12705
5237	12706
5240	12707
5242	12708
5244	12709
5245	12710
5246	12714
5247	12716
5248	12717
5249	12721
5250	12722
5251	12727
5252	12729
5253	12730
5256	12736
5258	12743
5260	12745
5262	12749
5263	12753
5264	12754
5265	12757
5267	12762
5268	12764
5269	12765
5271	12769
5272	12776
5274	12777
5275	12785
5276	12788
5277	12793
5278	12800
5279	12801
5280	12802
5281	12803
5282	12804
5284	12806
5285	12809
5286	12810
5287	12811
5289	12812
5290	12816
5291	12820
5293	12824
5299	12828
5305	12829
5306	12832
5307	12835
5309	12841
5310	12842
5311	12847
5312	12848
5313	12849
5314	12852
5315	12854
5316	12856
5318	12861
5319	12866
5320	12869
5321	12870
5322	12871
5323	12873
5327	12874
5328	12878
5329	12879
5332	12884
5335	12886
5336	12887
5337	12892
5338	12893
5339	12900
5340	12902
5341	12903
5342	12904
5343	12910
5344	12912
5345	12915
5346	12919
5347	12921
5348	12935
5349	12942
5350	12949
5351	12951
5352	12952
5353	12955
5354	12957
5355	12964
5356	12973
5357	12975
5359	12976
5362	12978
5364	12981
5365	12988
5366	12989
5367	12990
5370	13001
5371	13002
5372	13003
5373	13007
5378	13010
5380	13012
5381	13021
5382	13024
5383	13025
5385	13027
5389	13028
5390	13029
5394	13031
5395	13033
5396	13036
5397	13037
5398	13039
5400	13042
5402	13043
5403	13044
5404	13049
5405	13050
5407	13052
5409	13053
5410	13056
5411	13059
5413	13061
5414	13063
5415	13077
5416	13078
5417	13081
5420	13085
5422	13094
5423	13095
5424	13098
5425	13102
5426	13106
5427	13109
5429	13110
5430	13121
5431	13122
5432	13123
5433	13124
5434	13130
5435	13134
5438	13136
5440	13138
5442	13140
5443	13147
5444	13152
5446	13154
5448	13156
5449	13158
5450	13160
5451	13161
5452	13163
5453	13165
5454	13167
5455	13168
5456	13169
5457	13170
5459	13171
5460	13172
5461	13173
5462	13181
5464	13183
5465	13187
5466	13195
5467	13196
5471	13207
5473	13209
5475	13213
5480	13215
5481	13219
5482	13220
5484	13221
5485	13222
5487	13223
5490	13224
5494	13226
5499	13228
5500	13233
5502	13234
5503	13235
5504	13245
5506	13263
5507	13265
5508	13270
5516	13271
5517	13273
5519	13274
5520	13278
5521	13280
5522	13283
5523	13284
5524	13285
5528	13288
5529	13290
5530	13291
5532	13292
5533	13295
5534	13298
5535	13300
5536	13304
5537	13307
5538	13308
5540	13309
5542	13310
5543	13311
5544	13317
5545	13319
5546	13320
5547	13321
5549	13323
5550	13325
5551	13329
5552	13330
5553	13332
5554	13333
5555	13334
5556	13336
5557	13340
5559	13343
5560	13349
5561	13350
5564	13356
5565	13357
5566	13358
5567	13359
5568	13360
5570	13361
5571	13362
5573	13364
5576	13367
5577	13386
5578	13391
5580	13396
5582	13400
5587	13404
5591	13422
5592	13425
5593	13430
5594	13441
5595	13442
5596	13447
5597	13449
5598	13453
5599	13455
5600	13457
5601	13468
5602	13470
5603	13471
5605	13474
5606	13478
5607	13483
5608	13484
5609	13485
5610	13486
5612	13488
5613	13489
5614	13495
5615	13498
5616	13503
5617	13506
5618	13513
5619	13514
5623	13515
5624	13516
5626	13517
5627	13518
5628	13519
5631	13520
5632	13521
5634	13522
5635	13523
5638	13525
5639	13526
5640	13527
5641	13528
5642	13529
5643	13541
5645	13549
5646	13550
5647	13564
5648	13571
5649	13577
5651	13581
5653	13585
5654	13586
5655	13588
5656	13604
5657	13605
5658	13607
5660	13609
5661	13611
5662	13612
5664	13614
5665	13615
5666	13616
5667	13621
5668	13624
5669	13626
5670	13627
5671	13629
5672	13632
5673	13633
5674	13636
5675	13642
5676	13647
5678	13658
5679	13659
5680	13665
5681	13673
5683	13675
5684	13676
5685	13687
5686	13688
5687	13702
5688	13707
5689	13713
5690	13717
5691	13720
5692	13734
5693	13744
5694	13746
5695	13748
5696	13749
5697	13750
5703	13752
5704	13754
5705	13756
5707	13758
5708	13759
5709	13761
5710	13763
5711	13776
5712	13778
5713	13782
5714	13787
5715	13790
5716	13792
5717	13796
5718	13811
5719	13813
5720	13814
5721	13821
5722	13823
5723	13824
5726	13827
5727	13828
5729	13834
5732	13836
5733	13837
5734	13838
5736	13839
5737	13841
5738	13843
5741	13844
5742	13853
5743	13860
5744	13864
5747	13865
5748	13866
5749	13867
5750	13868
5751	13870
5752	13871
5753	13872
5754	13873
5755	13878
5756	13880
5757	13887
5758	13894
5759	13897
5760	13898
5761	13905
5762	13908
5763	13915
5764	13920
5765	13924
5766	13930
5768	13933
5770	13936
5771	13938
5773	13939
5774	13949
5775	13950
5776	13951
5777	13952
5778	13956
5779	13960
5780	13965
5781	13966
5783	13967
5785	13968
5786	13973
5788	13977
5789	13982
5790	13983
5791	13984
5792	13989
5793	13993
5794	13994
5795	14008
5799	14030
5800	14033
5802	14043
5803	14046
5807	14058
5808	14062
5810	14063
5813	14067
5815	14068
5817	14071
5818	14073
5819	14085
5821	14088
5830	14106
5831	14109
5832	14116
5835	14120
5839	14130
5840	14138
5841	14141
5842	14145
5843	14148
5845	14150
5846	14160
5847	14161
5852	14162
5853	14163
5854	14164
5855	14165
5856	14167
5858	14168
5859	14169
5860	14170
5861	14172
5862	14175
5865	14188
5866	14190
5867	14192
5868	14194
5869	14199
5870	14201
5871	14203
5873	14209
5875	14212
5877	14214
5878	14216
5879	14223
5880	14225
5881	14227
5882	14230
5883	14232
5884	14252
5886	14254
5888	14260
5889	14262
5890	14274
5891	14275
5892	14278
5894	14280
5895	14282
5896	14284
5898	14294
5899	14295
5900	14298
5901	14313
5902	14333
5903	14337
5905	14339
5907	14341
5908	14342
5909	14343
5910	14354
5911	14372
5912	14374
5913	14376
5915	14377
5916	14378
5918	14379
5919	14382
5920	14395
5921	14398
5922	14406
5923	14408
5924	14410
5927	14413
5928	14414
5931	14415
5933	14416
5934	14417
5936	14418
5937	14419
5938	14422
5939	14423
5941	14425
5943	14426
5944	14427
5946	14435
5947	14436
5948	14439
5949	14440
5951	14442
5955	14443
5956	14445
5957	14448
5958	14457
5959	14458
5960	14459
5961	14460
5964	14466
5966	14474
5967	14478
5968	14480
5970	14489
5971	14490
5972	14496
5973	14497
5974	14499
5975	14509
5977	14516
5981	14517
5982	14520
5983	14522
5984	14523
5985	14525
5986	14526
5987	14527
5988	14528
5993	14529
5994	14534
5995	14535
5996	14536
5997	14547
5998	14553
5999	14554
6000	14555
6002	14557
6003	14558
6007	14566
6008	14573
6009	14581
6010	14582
6011	14584
6012	14588
6013	14589
6014	14606
6015	14611
6016	14630
6017	14633
6019	14634
6020	14635
6021	14642
6022	14644
6023	14648
6024	14656
6025	14659
6027	14661
6029	14663
6030	14666
6032	14673
6033	14686
6034	14688
6035	14689
6037	14690
6038	14693
6039	14702
6040	14704
6041	14707
6042	14708
6043	14713
6044	14715
6045	14717
6046	14722
6047	14723
6048	14724
6051	14726
6053	14729
6054	14731
6057	14732
6059	14738
6060	14748
6062	14749
6063	14751
6064	14754
6065	14756
6068	14757
6069	14758
6070	14759
6072	14761
6073	14763
6074	14764
6075	14767
6076	14768
6077	14771
6078	14774
6079	14777
6080	14778
6081	14779
6083	14782
6084	14788
6086	14789
6088	14801
6089	14812
6091	14820
6093	14821
6094	14822
6095	14823
6097	14824
6101	14855
6102	14858
6103	14859
6104	14863
6105	14865
6106	14866
6107	14873
6109	14879
6111	14886
6113	14892
6115	14894
6116	14899
6117	14901
6118	14910
6120	14916
6121	14919
6122	14923
6123	14924
6127	14925
6130	14928
6133	14929
6134	14946
6135	14947
6136	14949
6137	14951
6138	14974
6139	14975
6140	14981
6141	14994
6142	14997
6143	14998
6144	14999
6145	15000
6148	15001
6154	15008
6155	15014
6156	15015
6158	15019
6159	15020
6162	15022
6163	15024
6165	15031
6166	15035
6169	15037
6170	15038
6171	15040
6172	15044
6173	15045
6174	15055
6175	15056
6176	15064
6177	15067
6178	15069
6179	15075
6180	15083
6181	15084
6182	15092
6183	15093
6184	15094
6186	15095
6189	15096
6190	15097
6195	15099
6199	15100
6200	15101
6201	15102
6204	15105
6205	15109
6209	15110
6210	15117
6211	15127
6212	15134
6216	15135
6217	15143
6219	15144
6223	15145
6224	15146
6225	15147
6227	15148
6228	15157
6229	15170
6230	15181
6231	15182
6232	15183
6233	15189
6235	15190
6237	15194
6238	15195
6239	15203
6240	15207
6241	15210
6242	15211
6244	15212
6245	15214
6246	15218
6249	15219
6250	15220
6252	15228
6255	15234
6256	15236
6257	15239
6259	15240
6260	15243
6261	15244
6262	15245
6265	15247
6266	15250
6267	15256
6269	15258
6270	15259
6271	15266
6272	15268
6273	15270
6274	15271
6276	15275
6277	15276
6279	15277
6280	15280
6281	15284
6282	15286
6283	15288
6286	15291
6288	15294
6289	15296
6290	15297
6291	15301
6293	15302
6294	15304
6298	15305
6299	15307
6300	15308
6301	15315
6303	15318
6305	15321
6307	15326
6309	15327
6310	15329
6311	15331
6312	15332
6313	15333
6315	15334
6316	15345
6317	15346
6318	15348
6320	15360
6321	15362
6322	15363
6323	15369
6325	15372
6326	15380
6327	15381
6330	15386
6332	15388
6333	15391
6334	15395
6335	15400
6336	15402
6337	15403
6338	15407
6339	15408
6340	15409
6341	15410
6342	15411
6344	15413
6346	15414
6347	15420
6348	15422
6349	15426
6350	15428
6351	15429
6353	15432
6354	15433
6355	15434
6356	15436
6357	15437
6358	15440
6359	15443
6360	15448
6362	15461
6363	15466
6364	15469
6365	15478
6366	15479
6368	15482
6369	15486
6370	15488
6372	15499
6374	15501
6375	15510
6376	15514
6378	15521
6379	15534
6380	15535
6383	15544
6384	15559
6386	15565
6387	15570
6388	15574
6389	15583
6390	15599
6391	15600
6392	15601
6393	15602
6394	15603
6395	15604
6396	15605
6399	15606
6401	15607
6402	15608
6403	15609
6404	15610
6405	15611
6406	15612
6408	15617
6409	15620
6410	15621
6411	15623
6412	15624
6413	15626
6414	15627
6415	15629
6416	15631
6417	15632
6418	15633
6419	15638
6420	15641
6422	15642
6423	15647
6424	15651
6425	15653
6426	15668
6427	15675
6429	15684
6430	15687
6431	15688
6432	15689
6433	15690
6434	15692
6435	15697
6436	15698
6438	15701
6439	15705
6440	15709
6441	15712
6442	15713
6443	15714
6444	15718
6445	15722
6446	15724
6447	15728
6448	15733
6449	15740
6450	15745
6451	15746
6452	15751
6453	15756
6454	15758
6455	15759
6456	15760
6457	15761
6458	15762
6459	15763
6460	15765
6461	15767
6462	15768
6463	15769
6464	15770
6465	15771
6466	15772
6468	15774
6469	15776
6470	15779
6471	15781
6472	15784
6473	15789
6474	15791
6475	15793
6476	15804
6478	15807
6479	15813
6480	15823
6481	15829
6482	15830
6483	15832
6484	15840
6485	15843
6487	15844
6489	15845
6490	15848
6491	15849
6492	15850
6493	15852
6495	15855
6496	15856
6497	15868
6498	15874
6499	15875
6500	15881
6501	15888
6502	15910
6503	15913
6504	15920
6505	15929
6506	15933
6507	15934
6508	15936
6509	15949
6510	15951
6511	15952
6512	15954
6513	15955
6514	15956
6516	15958
6517	15959
6518	15961
6519	15964
6520	15966
6522	15967
6523	15968
6524	15972
6525	15974
6526	15975
6527	15981
6528	15987
6529	15988
6530	15991
6531	15994
6532	16004
6533	16008
6534	16011
6535	16013
6536	16014
6537	16015
6538	16018
6539	16020
6540	16026
6542	16029
6544	16032
6545	16034
6546	16036
6548	16038
6549	16042
6551	16043
6553	16044
6554	16045
6559	16047
6561	16052
6564	16053
6565	16054
6566	16056
6569	16060
6570	16065
6573	16068
6576	16071
6578	16076
6579	16084
6580	16086
6581	16090
6582	16091
6583	16093
6585	16095
6586	16098
6587	16104
6588	16107
6589	16108
6590	16109
6591	16110
6592	16111
6595	16112
6596	16114
6597	16123
6598	16132
6599	16134
6601	16135
6602	16136
6603	16137
6604	16140
6605	16153
6606	16160
6607	16163
6608	16168
6609	16172
6610	16178
6612	16180
6613	16183
6615	16184
6617	16195
6618	16197
6620	16198
6622	16199
6623	16200
6624	16201
6625	16203
6626	16204
6628	16205
6629	16206
6630	16207
6631	16208
6632	16209
6636	16210
6639	16216
6640	16217
6641	16231
6642	16236
6643	16238
6644	16239
6645	16245
6647	16246
6648	16247
6650	16248
6651	16255
6652	16263
6653	16269
6654	16271
6656	16272
6657	16275
6658	16279
6659	16280
6660	16289
6661	16290
6662	16303
6663	16306
6664	16310
6665	16312
6666	16319
6667	16320
6668	16327
6669	16333
6670	16334
6672	16339
6679	16340
6680	16341
6681	16343
6682	16350
6683	16351
6685	16352
6686	16353
6687	16354
6688	16355
6690	16356
6694	16357
6696	16358
6697	16359
6698	16360
6699	16361
6701	16362
6702	16364
6703	16369
6706	16375
6707	16383
6708	16387
6709	16392
6710	16405
6714	16407
6715	16408
6716	16410
6717	16414
6718	16428
6720	16431
6723	16433
6724	16435
6725	16442
6726	16443
6729	16449
6730	16450
6731	16451
6732	16453
6733	16469
6734	16472
6735	16476
6736	16481
6737	16490
6738	16496
6741	16498
6743	16499
6744	16501
6745	16522
6746	16535
6747	16537
6748	16546
6749	16552
6750	16556
6751	16564
6752	16566
6755	16570
6756	16576
6757	16595
6759	16606
6760	16611
6761	16612
6762	16614
6768	16616
6769	16622
6771	16623
6772	16626
6775	16628
6776	16632
6781	16633
6782	16635
6783	16636
6784	16638
6785	16640
6786	16642
6789	16645
6792	16650
6793	16657
6795	16662
6796	16663
6797	16665
6798	16668
6799	16673
6800	16674
6801	16679
6802	16680
6803	16682
6804	16687
6805	16688
6806	16689
6808	16690
6809	16692
6810	16695
6811	16698
6812	16713
6813	16715
6814	16716
6815	16717
6818	16718
6819	16719
6820	16724
6821	16728
6822	16729
6823	16730
6824	16740
6825	16741
6826	16742
6827	16743
6829	16744
6831	16759
6835	16761
6836	16762
6837	16767
6838	16780
6841	16787
6844	16788
6845	16789
6846	16790
6852	16795
6854	16796
6855	16798
6856	16799
6857	16800
6859	16803
6860	16821
6861	16825
6862	16827
6863	16830
6865	16836
6866	16841
6867	16842
6868	16845
6869	16846
6870	16848
6871	16853
6872	16854
6873	16856
6874	16857
6875	16861
6876	16865
6877	16868
6878	16883
6879	16885
6880	16887
6881	16889
6882	16892
6884	16894
6885	16895
6888	16900
6889	16906
6891	16908
6893	16913
6895	16918
6896	16923
6897	16928
6898	16930
6899	16934
6900	16936
6901	16941
6903	16943
6908	16950
6909	16952
6910	16954
6915	16958
6916	16960
6917	16962
6919	16964
6920	16967
6922	16973
6923	16974
6924	16977
6925	16981
6926	16988
6927	16991
6930	16992
6932	16993
6934	16994
6935	16997
6937	16999
6941	17001
6942	17002
6944	17004
6945	17005
6946	17016
6947	17017
6948	17021
6949	17026
6961	17029
6962	17030
6963	17036
6964	17050
6965	17051
6966	17052
6967	17056
6969	17058
6970	17062
6971	17069
6972	17073
6975	17077
6976	17080
6978	17081
6979	17083
6980	17085
6981	17090
6982	17091
6983	17092
6984	17093
6985	17095
6986	17097
6987	17100
6988	17116
6989	17117
6990	17119
6991	17125
6992	17132
6993	17139
6994	17149
6995	17150
6997	17166
6998	17168
6999	17172
7000	17179
7001	17180
7002	17187
7003	17190
7005	17200
7007	17211
7009	17217
7013	17218
7014	17219
7015	17223
7016	17224
7017	17227
7019	17229
7020	17230
7021	17231
7022	17234
7023	17236
7024	17238
7025	17242
7026	17245
7027	17248
7028	17249
7029	17252
7030	17253
7031	17256
7032	17257
7033	17259
7034	17262
7035	17265
7039	17266
7043	17267
7045	17268
7047	17269
7048	17270
7051	17271
7053	17272
7054	17279
7055	17280
7056	17281
7060	17282
7061	17284
7063	17285
7064	17286
7067	17287
7071	17291
7072	17293
7073	17294
7075	17296
7076	17301
7077	17302
7078	17304
7079	17305
7080	17306
7081	17309
7082	17310
7083	17311
7085	17319
7086	17321
7088	17323
7093	17324
7094	17325
7096	17326
7097	17328
7098	17329
7099	17332
7100	17334
7101	17336
7103	17337
7104	17344
7105	17348
7106	17352
7107	17354
7108	17355
7110	17360
7111	17362
7112	17393
7113	17394
7115	17398
7116	17399
7117	17404
7118	17411
7120	17414
7122	17419
7123	17420
7124	17426
7125	17428
7126	17440
7127	17442
7129	17444
7130	17445
7132	17446
7133	17447
7134	17448
7136	17451
7137	17452
7140	17453
7142	17455
7143	17457
7144	17459
7145	17461
7146	17462
7147	17463
7148	17464
7149	17465
7150	17469
7151	17477
7152	17482
7153	17485
7154	17487
7155	17492
7156	17493
7158	17496
7159	17503
7163	17506
7165	17509
7166	17518
7168	17523
7171	17532
7172	17534
7173	17537
7174	17539
7175	17541
7176	17548
7179	17549
7180	17550
7181	17551
7182	17556
7184	17559
7185	17565
7186	17569
7190	17570
7191	17572
7193	17575
7194	17579
7195	17588
7196	17591
7198	17592
7199	17596
7200	17597
7201	17603
7202	17604
7203	17606
7205	17607
7206	17611
7207	17613
7208	17627
7209	17637
7210	17654
7215	17655
7216	17659
7217	17660
7218	17661
7219	17664
7220	17665
7221	17682
7222	17703
7223	17706
7224	17707
7225	17711
7226	17712
7227	17721
7228	17725
7229	17727
7230	17729
7231	17730
7232	17742
7233	17746
7235	17747
7236	17750
7237	17751
7238	17753
7239	17754
7240	17757
7241	17758
7242	17760
7244	17773
7245	17774
7247	17775
7248	17776
7249	17777
7250	17778
7251	17779
7253	17780
7254	17781
7255	17783
7256	17791
7257	17798
7258	17799
7260	17810
7261	17811
7262	17812
7263	17813
7264	17815
7265	17817
7266	17818
7268	17819
7273	17822
7275	17836
7276	17844
7277	17845
7278	17862
7280	17863
7281	17865
7282	17867
7284	17868
7285	17869
7287	17871
7288	17888
7290	17892
7291	17897
7293	17898
7294	17899
7297	17900
7298	17901
7299	17903
7300	17906
7302	17908
7303	17910
7307	17912
7308	17913
7309	17917
7311	17930
7312	17934
7314	17944
7315	17949
7318	17954
7319	17957
7321	17958
7322	17963
7324	17965
7325	17972
7327	17977
7329	17982
7330	17983
7334	17987
7336	17994
7337	18002
7338	18011
7339	18018
7341	18021
7342	18028
7347	18033
7348	18043
7349	18059
7350	18078
7352	18082
7354	18083
7355	18089
7356	18092
7357	18096
7358	18097
7359	18102
7360	18103
7361	18108
7362	18117
7363	18119
7365	18125
7367	18128
7368	18132
7369	18137
7370	18138
7371	18139
7372	18142
7373	18144
7374	18146
7376	18147
7377	18152
7378	18157
7379	18167
7383	18168
7384	18169
7387	18170
7388	18174
7389	18180
7390	18183
7391	18193
7392	18197
7393	18198
7394	18200
7395	18212
7396	18213
7397	18217
7398	18227
7399	18230
7400	18234
7401	18240
7402	18241
7403	18251
7404	18253
7405	18271
7406	18274
7407	18276
7410	18278
7412	18279
7417	18284
7418	18285
7420	18287
7424	18300
7426	18302
7430	18304
7432	18307
7433	18311
7434	18313
7436	18323
7440	18325
7441	18326
7443	18349
7444	18358
7447	18363
7448	18367
7449	18379
7450	18381
7453	18386
7454	18388
7455	18396
7456	18397
7458	18400
7459	18404
7461	18406
7463	18408
7464	18409
7465	18410
7466	18411
7467	18412
7468	18413
7469	18415
7470	18418
7471	18420
7472	18421
7473	18422
7474	18425
7475	18426
7478	18428
7480	18429
7481	18445
7482	18447
7485	18463
7486	18467
7487	18474
7488	18475
7489	18476
7490	18482
7491	18487
7492	18490
7493	18492
7494	18496
7495	18497
7496	18506
7498	18516
7500	18519
7501	18520
7502	18525
7503	18526
7504	18527
7506	18528
7508	18529
7509	18532
7510	18538
7511	18539
7512	18540
7513	18543
7515	18547
7516	18548
7517	18551
7518	18557
7519	18559
7520	18560
7521	18564
7522	18583
7523	18605
7524	18614
7525	18617
7527	18620
7528	18621
7530	18622
7531	18623
7532	18624
7533	18627
7535	18628
7539	18629
7540	18632
7544	18633
7547	18634
7548	18635
7551	18640
7553	18641
7556	18642
7557	18643
7558	18647
7559	18648
7560	18649
7561	18650
7562	18651
7563	18652
7564	18653
7566	18654
7567	18656
7569	18658
7570	18668
7571	18675
7572	18676
7575	18679
7576	18685
7577	18687
7578	18688
7581	18694
7582	18697
7583	18700
7585	18702
7586	18704
7587	18706
7589	18707
7590	18720
7591	18723
7592	18726
7593	18729
7594	18743
7595	18751
7596	18754
7597	18755
7601	18762
7604	18766
7605	18768
7606	18773
7607	18774
7608	18781
7609	18785
7610	18790
7612	18791
7614	18795
7615	18811
7616	18817
7617	18824
7620	18827
7623	18830
7626	18841
7632	18848
7633	18849
7634	18851
7635	18852
7638	18853
7639	18855
7642	18857
7643	18860
7645	18862
7646	18866
7649	18868
7650	18869
7652	18870
7653	18871
7654	18873
7656	18874
7657	18878
7661	18884
7662	18885
7663	18887
7666	18894
7667	18895
7671	18896
7675	18897
7676	18898
7677	18899
7678	18906
7679	18908
7680	18909
7683	18910
7684	18916
7685	18917
7686	18920
7687	18923
7688	18927
7689	18928
7690	18929
7692	18932
7694	18937
7695	18938
7696	18939
7697	18951
7698	18952
7699	18961
7700	18963
7701	18975
7702	18977
7703	18982
7704	18983
7705	18986
7706	18988
7707	18995
7708	19001
7709	19010
7710	19012
7711	19015
7712	19021
7713	19022
7714	19029
7715	19047
7716	19048
7717	19051
7718	19060
7719	19063
7720	19067
7722	19069
7723	19084
7725	19090
7726	19097
7727	19104
7728	19108
7729	19111
7732	19113
7735	19117
7737	19126
7738	19127
7740	19128
7746	19129
7751	19130
7752	19131
7756	19132
7759	19134
7761	19136
7764	19137
7765	19138
7766	19153
7768	19158
7769	19161
7771	19162
7772	19165
7775	19166
7776	19170
7777	19181
7778	19182
7781	19183
7782	19186
7783	19187
7784	19188
7786	19193
7787	19194
7788	19195
7789	19196
7790	19197
7791	19198
7793	19200
7794	19201
7795	19202
7796	19203
7797	19205
7799	19206
7800	19207
7803	19212
7805	19213
7806	19214
7807	19216
7809	19221
7810	19222
7811	19224
7813	19232
7814	19233
7815	19234
7818	19235
7820	19236
7821	19238
7825	19244
7826	19247
7827	19249
7829	19250
7832	19257
7833	19258
7834	19273
7835	19277
7836	19280
7837	19283
7838	19284
7840	19285
7841	19286
7842	19288
7843	19289
7844	19292
7845	19293
7846	19295
7847	19298
7848	19300
7850	19304
7853	19307
7854	19310
7855	19312
7856	19313
7857	19316
7858	19319
7859	19322
7860	19323
7861	19324
7862	19325
7865	19326
7866	19327
7867	19328
7868	19329
7869	19335
7870	19337
7873	19339
7877	19344
7879	19345
7880	19348
7881	19349
7883	19358
7884	19359
7897	19360
7898	19363
7899	19364
7900	19366
7901	19367
7902	19369
7903	19370
7904	19371
7905	19374
7906	19376
7907	19379
7908	19380
7909	19381
7911	19382
7913	19384
7915	19386
7916	19388
7917	19391
7919	19395
7920	19396
7921	19398
7922	19405
7924	19407
7925	19411
7926	19412
7927	19414
7928	19417
7929	19418
7930	19425
7931	19431
7933	19432
7935	19434
7936	19436
7937	19437
7938	19438
7940	19439
7945	19440
7946	19446
7947	19449
7949	19451
7953	19452
7954	19454
7955	19461
7956	19466
7957	19470
7958	19475
7959	19476
7960	19479
7961	19481
7962	19483
7964	19488
7965	19492
7966	19494
7967	19505
7968	19512
7969	19513
7970	19515
7976	19516
7977	19517
7978	19521
7980	19530
7981	19537
7982	19540
7984	19542
7985	19543
7986	19548
7987	19550
7988	19554
7989	19556
7990	19557
7991	19558
7992	19559
7994	19563
7995	19564
7996	19570
7997	19572
7998	19582
8000	19584
8001	19589
8002	19590
8003	19595
8004	19596
8005	19597
8006	19598
8007	19599
8008	19602
8009	19604
8011	19607
8013	19614
8014	19617
8015	19622
8018	19625
8019	19627
8020	19631
8021	19632
8022	19633
8023	19637
8025	19642
8026	19644
8027	19645
8028	19649
8029	19654
8030	19655
8031	19659
8032	19662
8033	19663
8034	19664
8035	19665
8036	19666
8037	19668
8038	19675
8039	19676
8040	19682
8042	19687
8043	19694
8045	19698
8046	19701
8049	19702
8051	19705
8052	19707
8054	19710
8055	19714
8056	19725
8057	19727
8058	19729
8059	19730
8060	19732
8061	19735
8062	19736
8063	19738
8064	19739
8065	19747
8066	19757
8067	19760
8068	19774
8069	19780
8070	19789
8071	19798
8073	19805
8075	19812
8076	19813
8077	19814
8078	19815
8081	19817
8082	19824
8083	19838
8084	19841
8085	19844
8086	19853
8087	19854
8089	19855
8090	19856
8092	19857
8093	19858
8094	19859
8096	19861
8097	19863
8098	19864
8099	19870
8100	19874
8101	19883
8103	19884
8104	19890
8105	19897
8106	19907
8107	19909
8108	19911
8109	19916
8111	19918
8112	19926
8113	19935
8114	19937
8115	19939
8116	19940
8117	19942
8118	19944
8119	19945
8120	19948
8121	19950
8122	19953
8123	19955
8124	19957
8125	19959
8127	19970
8128	19974
8129	19977
8130	19978
8131	19979
8132	19980
8133	19983
8135	19986
8136	19991
8137	19993
8138	19994
8139	19995
8140	20000
8142	20001
8143	20003
8145	20011
8146	20012
8147	20013
8148	20014
8149	20015
8150	20023
8151	20027
8152	20029
8153	20030
8154	20033
8155	20036
8156	20037
8157	20041
8158	20050
8159	20051
8160	20061
8161	20064
8162	20066
8163	20067
8164	20069
8165	20073
8166	20085
8167	20090
8168	20091
8169	20094
8170	20095
8171	20102
8172	20103
8173	20106
8174	20119
8175	20126
8176	20127
8177	20128
8178	20135
8179	20137
8180	20138
8181	20142
8182	20151
8183	20161
8184	20164
8186	20167
8187	20168
8188	20169
8189	20170
8193	20171
8194	20172
8195	20176
8196	20177
8199	20178
8200	20182
8201	20187
8202	20188
8203	20198
8205	20199
8206	20200
8207	20205
8208	20206
8210	20208
8211	20209
8212	20210
8213	20212
8214	20214
8215	20216
8216	20217
8217	20218
8218	20220
8219	20222
8220	20230
8221	20236
8222	20237
8223	20243
8224	20244
8225	20247
8226	20248
8228	20250
8229	20253
8230	20254
8231	20256
8232	20260
8233	20266
8234	20267
8235	20268
8236	20273
8237	20274
8238	20275
8239	20278
8240	20280
8241	20281
8242	20282
8243	20288
8244	20290
8245	20291
8246	20292
8247	20293
8248	20299
8249	20303
8252	20304
8253	20305
8255	20306
8256	20307
8257	20308
8259	20315
8260	20317
8261	20321
8264	20329
8266	20330
8267	20331
8268	20332
8269	20334
8278	20337
8279	20338
8280	20340
8281	20341
8286	20342
8287	20344
8290	20345
8291	20351
8292	20352
8293	20353
8294	20356
8295	20358
8296	20360
8297	20365
8298	20366
8300	20368
8301	20369
8308	20371
8309	20372
8316	20373
8317	20375
8318	20377
8320	20382
8321	20385
8325	20389
8326	20394
8327	20399
8330	20405
8331	20406
8332	20407
8333	20408
8334	20409
8335	20410
8336	20411
8337	20412
8338	20413
8339	20414
8340	20415
8341	20416
8342	20417
8345	20422
8346	20444
8347	20447
8348	20452
8350	20459
8351	20461
8352	20467
8354	20469
8355	20472
8356	20476
8358	20477
8361	20481
8362	20484
8363	20487
8364	20492
8365	20498
8370	20500
8371	20501
8373	20502
8374	20519
8375	20532
8376	20535
8377	20538
8381	20540
8382	20541
8383	20543
8384	20544
8385	20549
8386	20552
8387	20553
8388	20554
8389	20562
8390	20563
8391	20564
8393	20570
8394	20572
8395	20573
8396	20575
8397	20581
8398	20587
8399	20588
8400	20589
8401	20600
8402	20603
8403	20605
8404	20609
8405	20610
8407	20611
8410	20614
8411	20620
8412	20621
8414	20627
8415	20635
8416	20639
8418	20643
8422	20647
8425	20653
8426	20656
8428	20657
8429	20661
8430	20662
8431	20667
8432	20669
8433	20672
8434	20691
8435	20693
8436	20694
8437	20695
8438	20701
8439	20706
8440	20708
8441	20711
8442	20715
8445	20718
8449	20720
8451	20721
8452	20722
8453	20723
8455	20725
8456	20728
8457	20729
8459	20730
8460	20733
8462	20735
8463	20736
8464	20737
8465	20738
8466	20739
8467	20740
8469	20741
8472	20742
8473	20752
8474	20756
8475	20757
8476	20761
8477	20762
8478	20763
8479	20764
8480	20767
8481	20768
8482	20770
8483	20779
8484	20782
8485	20784
8486	20785
8487	20789
8490	20790
8493	20791
8509	20792
8510	20794
8511	20795
8512	20796
8513	20797
8514	20804
8515	20814
8516	20817
8517	20822
8518	20830
8519	20831
8520	20832
8521	20833
8522	20834
8523	20842
8524	20848
8525	20856
8526	20857
8527	20858
8528	20867
8529	20868
8530	20870
8531	20872
8532	20873
8534	20874
8535	20879
8536	20886
8537	20888
8538	20890
8539	20892
8540	20893
8541	20894
8542	20896
8545	20908
8546	20913
8547	20920
8548	20922
8549	20923
8550	20932
8551	20934
8564	20935
8565	20936
8569	20941
8570	20949
8571	20951
8572	20952
8573	20960
8574	20970
8575	20973
8576	20980
8577	20981
8578	20992
8579	20993
8580	20994
8582	20998
8583	21000
8584	21001
8585	21003
8586	21008
8587	21010
8588	21018
8590	21026
8592	21027
8594	21040
8595	21041
8596	21043
8597	21046
8598	21058
8599	21060
8600	21065
8601	21072
8602	21076
8603	21079
8604	21088
8605	21094
8606	21105
8610	21106
8611	21114
8618	21117
8619	21118
8620	21119
8621	21120
8622	21122
8623	21130
8624	21138
8633	21139
8635	21142
8636	21145
8637	21150
8638	21167
8640	21171
8641	21172
8642	21177
8643	21180
8645	21185
8646	21187
8649	21193
8651	21198
8653	21203
8654	21207
8655	21213
8656	21217
8657	21220
8658	21221
8659	21225
8662	21236
8663	21237
8665	21240
8666	21245
8667	21258
8669	21262
8670	21269
8671	21270
8672	21275
8673	21278
8674	21279
8675	21282
8676	21283
8677	21284
8678	21285
8681	21286
8682	21293
8683	21295
8684	21297
8685	21302
8686	21307
8687	21308
8688	21310
8690	21316
8691	21318
8692	21326
8693	21328
8694	21333
8695	21334
8696	21346
8697	21347
8698	21351
8699	21356
8700	21358
8701	21364
8704	21365
8706	21366
8707	21367
8708	21368
8709	21369
8710	21371
8711	21375
8712	21380
8713	21387
8715	21391
8716	21392
8717	21394
8718	21395
8719	21396
8720	21397
8721	21403
8722	21405
8724	21408
8725	21411
8727	21413
8729	21414
8730	21419
8731	21421
8732	21424
8733	21425
8734	21431
8735	21433
8736	21434
8738	21435
8739	21438
8740	21445
8741	21454
8742	21463
8745	21468
8751	21474
8753	21476
8754	21480
8756	21483
8757	21484
8759	21491
8761	21496
8762	21497
8763	21498
8764	21499
8765	21500
8766	21501
8767	21506
8768	21507
8769	21522
8770	21526
8771	21531
8772	21533
8773	21534
8774	21539
8775	21548
8776	21562
8785	21567
8791	21569
8792	21570
8793	21575
8794	21578
8795	21585
8796	21586
8797	21589
8798	21597
8799	21598
8802	21601
8803	21603
8804	21604
8805	21605
8806	21610
8807	21614
8808	21616
8809	21620
8810	21622
8811	21623
8812	21624
8813	21625
8814	21627
8815	21631
8816	21637
8817	21651
8818	21664
8819	21670
8820	21671
8821	21677
8822	21680
8823	21681
8824	21687
8825	21690
8826	21697
8827	21699
8828	21703
8830	21707
8831	21711
8833	21713
8834	21714
8835	21718
8836	21719
8838	21722
8839	21730
8842	21732
8843	21737
8844	21745
8847	21749
8848	21752
8852	21755
8856	21756
8858	21758
8860	21775
8861	21778
8862	21780
8863	21781
8865	21783
8866	21787
8868	21788
8870	21789
8876	21791
8877	21794
8880	21795
8883	21796
8885	21805
8886	21809
8887	21816
8890	21819
8891	21820
8893	21821
8894	21824
8895	21826
8897	21830
8898	21834
8899	21840
8900	21841
8901	21844
8902	21845
8903	21848
8906	21849
8907	21853
8908	21854
8909	21855
8910	21859
8911	21864
8912	21867
8913	21869
8914	21876
8915	21880
8918	21884
8919	21891
8920	21899
8921	21900
8922	21901
8923	21902
8924	21904
8925	21908
8926	21910
8927	21911
8931	21914
8933	21915
8934	21916
8935	21928
8936	21930
8937	21932
8942	21937
8943	21938
8945	21940
8946	21949
8947	21950
8948	21952
8954	21953
8956	21956
8957	21959
8958	21961
8959	21964
8960	21965
8961	21966
8962	21967
8963	21968
8965	21969
8967	21971
8968	21976
8969	21978
8971	21985
8973	21997
8974	21999
8976	22005
8977	22012
8978	22014
8979	22019
8980	22021
8981	22024
8982	22025
8983	22028
8984	22032
8985	22033
8986	22042
8987	22045
8988	22047
8989	22052
8990	22056
8991	22062
8992	22066
8993	22067
8995	22075
8996	22086
8997	22089
8998	22097
8999	22099
9001	22103
9002	22104
9003	22105
9004	22106
9005	22107
9006	22108
9007	22110
9008	22111
9009	22112
9010	22113
9011	22114
9014	22115
9015	22116
9016	22118
9017	22122
9018	22123
9019	22124
9020	22126
9021	22134
9023	22135
9024	22137
9025	22140
9029	22141
9030	22142
9031	22143
9032	22144
9036	22145
9037	22148
9038	22153
9041	22159
9043	22176
9045	22177
9046	22178
9047	22180
9048	22182
9049	22183
9050	22184
9051	22187
9052	22192
9055	22193
9056	22195
9059	22196
9060	22198
9062	22207
9063	22208
9064	22211
9070	22212
9071	22213
9072	22214
9073	22215
9074	22216
9076	22218
9080	22220
9082	22227
9085	22230
9087	22242
9089	22244
9092	22245
9094	22246
9097	22247
9098	22248
9099	22253
9105	22256
9107	22258
9108	22259
9109	22262
9110	22263
9111	22264
9112	22265
9113	22266
9114	22268
9115	22278
9116	22279
9117	22280
9118	22281
9119	22283
9120	22285
9121	22288
9122	22291
9124	22304
9127	22308
9128	22309
9129	22313
9130	22315
9131	22318
9132	22319
9133	22326
9134	22327
9136	22338
9137	22345
9139	22349
9140	22350
9141	22368
9142	22383
9143	22384
9144	22385
9146	22387
9147	22391
9148	22394
9150	22396
9152	22403
9154	22406
9156	22407
9157	22409
9158	22410
9159	22411
9160	22413
9162	22414
9163	22415
9164	22420
9166	22422
9168	22435
9170	22444
9171	22447
9172	22448
9173	22467
9175	22468
9177	22474
9181	22477
9182	22486
9183	22494
9187	22501
9190	22514
9191	22519
9196	22521
9199	22522
9202	22528
9203	22529
9206	22530
9208	22531
9210	22532
9211	22534
9212	22544
9213	22552
9216	22558
9217	22559
9223	22560
9224	22562
9227	22563
9228	22564
9229	22565
9230	22566
9231	22568
9232	22569
9233	22572
9234	22576
9235	22577
9237	22579
9238	22580
9240	22582
9241	22583
9244	22584
9247	22593
9248	22596
9249	22599
9250	22603
9251	22604
9252	22607
9253	22608
9254	22609
9255	22613
9259	22615
9260	22621
9263	22626
9264	22633
9265	22638
9269	22643
9271	22662
9272	22663
9273	22665
9274	22668
9275	22669
9276	22670
9277	22673
9280	22675
9283	22678
9285	22680
9286	22686
9287	22706
9288	22708
9289	22710
9290	22711
9291	22714
9292	22717
9293	22719
9294	22722
9295	22724
9296	22740
9297	22743
9298	22749
9299	22750
9300	22751
9301	22753
9305	22754
9311	22755
9312	22756
9313	22757
9314	22759
9315	22762
9317	22763
9318	22765
9319	22769
9320	22770
9321	22772
9322	22775
9323	22777
9324	22779
9325	22782
9326	22785
9327	22786
9328	22788
9329	22792
9330	22796
9332	22797
9333	22799
9334	22800
9336	22801
9338	22802
9339	22803
9342	22809
9343	22810
9346	22811
9347	22814
9348	22815
9350	22821
9352	22822
9353	22828
9354	22830
9355	22831
9356	22835
9358	22837
9361	22839
9362	22842
9363	22844
9366	22845
9367	22846
9368	22849
9369	22853
9370	22854
9371	22855
9372	22857
9373	22874
9374	22875
9375	22876
9376	22879
9377	22880
9378	22885
9381	22889
9382	22892
9384	22901
9385	22902
9386	22903
9387	22906
9388	22911
9389	22913
9392	22916
9393	22923
9394	22924
9400	22925
9401	22926
9403	22930
9409	22933
9410	22935
9411	22936
9412	22939
9413	22950
9414	22951
9415	22952
9416	22953
9417	22954
9419	22955
9420	22961
9421	22970
9422	22975
9423	22976
9424	22977
9425	22978
9426	22979
9427	22981
9430	22983
9431	22984
9432	22987
9434	22989
9435	22990
9436	22991
9437	22992
9438	22994
9439	22995
9440	22996
9441	22998
9442	23000
9443	23002
9444	23017
9446	23024
9447	23025
9448	23030
9450	23036
9451	23042
9452	23044
9454	23048
9455	23049
9456	23050
9457	23052
9458	23053
9459	23054
9460	23055
9461	23056
9462	23057
9464	23058
9466	23059
9467	23062
9468	23064
9469	23065
9470	23084
9471	23097
9472	23103
9473	23104
9474	23107
9475	23110
9476	23112
9477	23113
9478	23114
9480	23117
9481	23126
9483	23127
9484	23131
9485	23132
9487	23136
9488	23142
9489	23143
9490	23147
9493	23148
9494	23149
9495	23150
9496	23151
9498	23152
9499	23153
9501	23154
9502	23155
9503	23156
9504	23160
9505	23166
9506	23167
9508	23186
9509	23212
9510	23213
9511	23215
9513	23222
9515	23224
9518	23229
9522	23230
9523	23232
9525	23240
9526	23243
9527	23247
9529	23250
9531	23254
9532	23275
9534	23282
9535	23283
9536	23285
9537	23287
9539	23289
9540	23292
9541	23293
9542	23294
9543	23295
9550	23298
9552	23302
9553	23303
9554	23305
9564	23306
9567	23311
9568	23312
9569	23313
9577	23317
9578	23318
9579	23320
9580	23321
9581	23326
9583	23329
9584	23332
9594	23335
9596	23344
9598	23345
9601	23347
9605	23348
9606	23350
9607	23352
9608	23355
9609	23356
9610	23357
9611	23358
9612	23361
9613	23362
9614	23363
9616	23364
9617	23366
9619	23367
9620	23368
9621	23369
9622	23370
9623	23371
9624	23372
9628	23374
9632	23375
9633	23376
9634	23377
9635	23379
9636	23380
9637	23381
9638	23382
9639	23383
9640	23384
9642	23385
9643	23386
9644	23388
9645	23390
9647	23392
9648	23393
9649	23397
9650	23406
9651	23407
9652	23411
9653	23415
9654	23417
9655	23421
9656	23422
9657	23423
9659	23424
9660	23425
9665	23427
9666	23428
9667	23430
9668	23433
9669	23442
9670	23448
9672	23449
9676	23454
9677	23458
9678	23464
9679	23466
9681	23467
9686	23476
9688	23482
9690	23485
9691	23489
9692	23492
9694	23493
9696	23496
9697	23500
9698	23503
9699	23506
9701	23513
9702	23515
9705	23521
9707	23533
9708	23538
9709	23544
9710	23549
9711	23552
9712	23553
9713	23557
9714	23558
9715	23559
9716	23572
9717	23574
9718	23575
9719	23583
9720	23591
9721	23600
9722	23605
9723	23607
9724	23612
9725	23613
9726	23614
9727	23620
9728	23622
9729	23623
9730	23624
9731	23633
9736	23641
9742	23646
9744	23650
9745	23652
9747	23655
9751	23656
9752	23657
9756	23658
9758	23665
9759	23671
9760	23672
9762	23675
9763	23680
9765	23681
9766	23683
9770	23685
9771	23686
9773	23687
9774	23690
9775	23691
9778	23692
9780	23696
9781	23705
9782	23708
9784	23711
9785	23712
9787	23715
9788	23719
9790	23722
9792	23723
9794	23724
9795	23731
9798	23739
9799	23745
9800	23746
9802	23747
9803	23749
9806	23750
9807	23752
9808	23757
9809	23759
9811	23764
9812	23765
9813	23768
9814	23769
9815	23770
9817	23773
9818	23776
9820	23779
9821	23783
9822	23784
9823	23785
9824	23786
9825	23787
9826	23789
9828	23791
9829	23794
9830	23796
9831	23797
9833	23800
9834	23802
9835	23805
9836	23810
9837	23811
9839	23816
9840	23817
9842	23820
9843	23821
9844	23822
9849	23825
9851	23839
9852	23842
9853	23843
9854	23844
9855	23847
9856	23849
9857	23852
9859	23855
9860	23860
9861	23861
9862	23866
9863	23868
9864	23869
9866	23871
9868	23872
9869	23876
9871	23881
9873	23886
9874	23888
9876	23889
9877	23892
9878	23893
9879	23894
9881	23895
9883	23897
9884	23899
9885	23905
9886	23906
9887	23907
9889	23912
9890	23915
9891	23923
9893	23934
9894	23935
9897	23936
9898	23938
9901	23939
9902	23940
9903	23943
9904	23966
9905	23974
9906	23975
9907	23979
9908	23982
9910	23984
9911	23986
9912	24000
9913	24005
9914	24008
9915	24015
9916	24020
9917	24023
9918	24024
9920	24025
9921	24035
9923	24039
9924	24041
9925	24044
9926	24046
9927	24051
9929	24054
9930	24055
9931	24058
9932	24059
9933	24062
9934	24063
9935	24075
9936	24083
9937	24084
9938	24086
9939	24087
9940	24088
9942	24093
9944	24095
9945	24096
9946	24097
9947	24098
9948	24101
9949	24102
9950	24103
9952	24108
9953	24110
9954	24114
9955	24126
9956	24133
9958	24135
9959	24136
9961	24140
9962	24142
9963	24144
9964	24149
9965	24176
9966	24178
9967	24181
9968	24182
9969	24188
9970	24192
9972	24194
9975	24195
9976	24197
9977	24198
9978	24199
9979	24200
9980	24201
9981	24205
9982	24210
9983	24211
9984	24213
9985	24215
9986	24216
9987	24221
9988	24224
9989	24225
9990	24230
9991	24232
9992	24233
9993	24236
9994	24248
9996	24251
9997	24253
9998	24254
9999	24255
10000	24256
10001	24257
10002	24258
10003	24259
10004	24260
10006	24262
10007	24265
10008	24266
10009	24269
10010	24270
10011	24272
10012	24273
10013	24274
10014	24277
10015	24280
10016	24287
10017	24288
10018	24291
10019	24293
10020	24298
10021	24300
10022	24301
10023	24302
10024	24303
10025	24307
10027	24308
10028	24310
10029	24315
10030	24317
10031	24320
10033	24321
10034	24322
10035	24328
10036	24330
10037	24335
10038	24336
10039	24337
10040	24339
10041	24342
10042	24364
10045	24365
10046	24367
10048	24368
10049	24369
10050	24372
10051	24373
10052	24382
10053	24402
10054	24423
10055	24435
10056	24438
10057	24446
10058	24447
10059	24456
10060	24458
10061	24460
10062	24462
10063	24463
10065	24464
10066	24479
10067	24480
10068	24488
10069	24489
10071	24491
10072	24492
10073	24494
10074	24496
10075	24505
10076	24508
10077	24509
10078	24515
10079	24522
